10698337	Xiaomi/小米	514397123.6	583
10412504	Moutai/茅台	359869618.2	83
10554706	yaya/鸭鸭	131176090.2	404
10148147	yaloo/雅鹿	70580460.96	425
10003728	SNOW FLYING/雪中飞	59764056.8	520
10645621	Goldfarm/高梵	59271850	178
10480446	PROYA/珀莱雅	58162950.46	421
10766986	Romon/罗蒙	48579407.11	562
10234659	PERFECT DIARY/完美日记	48368125.23	410
10420324	MoonCherry/梦泉	42829481.04	148
10736237	China Gold/中国黄金	39407721.7	233
10983695	柏肤源	39381245.76	183
10414486	Hodo/红豆	35637936.9	584
10558153	Oleva/奥洛菲	25959717.4	57
10445310	Mergian/美肌颜	23300113.38	121
10695945	Royalstar/荣事达	22149890.85	307
10157092	Three Squirrels/三只松鼠	21600086.67	406
10146835	MiiOW/猫人	21429062.39	625
10625781	Zocai/佐卡伊	17970321	140
10694602	OPPO	17391375.05	27
10648127	Dora Dosun/朵拉朵尚	16992682.17	219
10840701	贵人鸟	16359417.43	352
10722027	OSM/欧诗漫	15707131.25	257
10344665	Polo Sport	15592563.49	208
10702337	五粮液	14173109.85	78
10007217	麻阳	12143401.34	148
10192688	WETHERM/温碧泉	11906512.06	83
10555183	妇炎洁	11591687.14	61
10210500	卫龙	10767474.5	50
10925063	徐福记	10377785.73	170
10925232	Marubi/丸美	9817268.44	112
10844614	TEDELON/太子龙	9809737.96	98
12659462	国窖1573	9743199	7
10713284	Hanhoo/韩后	9712865.18	171
10424614	良品铺子	9575882.59	234
10582190	HLA/海澜之家	9132876.7	75
10265649	Bejirog/北极绒	8980712.23	285
10768965	金六福	8909750.68	57
10140553	好风景	8908739	15
10750135	白水杜康	8801885.74	74
10990224	CLAUDIUS/珂洛帝斯	8680068.2	72
10918628	巴拉巴拉	8653587.41	292
10695684	CARTELO/卡帝乐鳄鱼	8334855.29	181
10185745	TALKING TOM/汤姆猫	8284020.9	171
10133610	BHMC/现代	7944856	7
10421087	The history of whoo/后	7728894.6	257
10480581	Kans/韩束	7685652.7	72
10077073	Malata/万利达	7441001.76	111
10446344	透蜜	7138995.99	70
10336127	Peak/匹克	6989515.45	102
10651059	南极人	6882750.48	118
10995529	猫人优品	6426241.51	50
10936677	Apple/苹果	6334155.71	102
10362710	杜康	5960600.7	66
10422647	geoskincare/纽西之谜	5819475.64	164
7830374533	安踏儿童	5130982	153
10839793	Disney/迪士尼	5125437.88	217
10280476	LEASUN FOOD/林家铺子	5101555.6	92
10799606	木林森	4940843.66	99
10653804	BE＆CHEERY/百草味	4829236.19	247
10918504	MARIE DALGAR/玛丽黛佳	4814758.24	222
10918513	Skechers/斯凯奇	4683091.59	75
10214834	嗨吃家	4679939.37	358
10551418	Midea/美的	4599183	33
10551112	ZEESEA	4528645.6	66
10396240	XTEP/特步	4397217.6	112
10324244	Estee Lauder/雅诗兰黛	4379200.3	249
10577241	Philips/飞利浦	4372633	13
12656248	奢貌	4359473.74	8
10490947	Walch/威露士	4329874.2	24
10490009	KBH/康巴赫	4312643.23	44
10684724	Lancome/兰蔻	4269422.78	260
10197897	林氏木业	4247217	10
11030545	仁和	4146888.33	93
10361218	莫代尔	4146261.02	191
10191685	Firs/杉杉	4000687.2	73
10510754	小度	3990519.47	15
10179473	Deerway/德尔惠	3983630.5	94
10486408	CARSLAN/卡姿兰	3956482.3	157
10582281	诺梵	3932515.45	44
10492494	CHANDO/自然堂	3901081.01	39
10706841	韩熙	3896262.68	60
10623605	MeiLing/美菱	3828121.8	48
10842943	洋河	3740524.2	38
10936681	Semir/森马	3679413.72	48
11028186	帕朗德	3656899.3	3
10913239	美康粉黛	3580229.3	56
10353221	红色小象	3568402.62	195
10036187	伊利	3455570.11	84
10707872	SEEYOUNG/滋源	3444641.28	24
10276349	Aekyung/爱敬	3434810.36	41
10913161	美肤宝	3359380.5	36
10812669	豆本豆	3299147.6	43
10136716	babycare	3256596.8	49
10219513	Haier/海尔	3199067	31
10780791	Ohui/欧蕙	3163807.63	66
10875267	国台	3154108	10
10493884	达利园	3037070.45	70
10479700	361°	3035168.6	208
10120468	Rellet/颐莲	2942168.28	47
10365607	Huawei/华为	2923526.6	193

#第二批
10646246	Amos/亚摩斯	2819780.8	52
10120605	紫云妃	2761256.27	13
10710392	沱牌	2668113.5	19
10967284	法兰仁和	2656507.52	25
10070724	自然旋律	2652412.7	15
10624998	膜法世家	2627530.4	36
10846400	古井贡	2527138	9
10351691	泓一	2500626.5	25
10612343	Laneige/兰芝	2481837.39	190
10940368	AMORTALS/尔木萄	2397735.65	306
10289659	六必治	2355088.73	3
10264363	山本	2305416	8
10364377	Leader/统帅	2287766	4
10783535	Saky/舒客	2277227.64	18
10363832	Lenovo/联想	2261639.8	26
10055036	大希地	2248604.7	29
10847896	唇动	2181237.89	49
10757426	Xuelinfe/雪玲妃	2158749.56	52
10192590	井尚美	2149218.75	60
10263514	Flyco/飞科	2124935.2	65
10550795	Aokang/奥康	2122376	118
10939302	辛有志	2089268.37	5
10227016	合味芳	1941102.2	9
10200171	Lampure/蓝漂	1919110.8	144
10153298	SAST/先科	1856512.68	13
10552517	Franic/法兰琳卡	1832379	13
10108419	Lining/李宁	1802034	53
10119220	Changhong/长虹	1790838.2	5
10499017	味滋源	1778116.11	204
10336817	Goodbaby/好孩子	1773669.6	86
10194399	SULWHASOO/雪花秀	1765877.75	146
10998627	LITTLEYOUNGER/小养	1748671.74	196
10071335	Teddy Bear/泰迪熊	1743356.79	108
10299608	COLOR KEY	1710428.87	47
10263531	Joyoung/九阳	1705732.6	66
10147850	好想你	1701543.71	118
10839373	Hello Kitty	1693928.3	7
10918621	Bobdog/巴布豆	1676868.97	258
10197894	泸州老窖	1662725	26
10889392	花西子	1661460.67	10
10772805	JUZUI/玖姿	1597829	132
10791124	Boitown/冰希黎	1592738.82	12
12656624	CHAMPION/冠军	1592316.93	38
10306191	汾阳王	1581998.1	11
10005478	君乐宝	1530113.2	24
10848205	酒鬼	1522175	3
10549870	Tatai/他她爱	1506975	2
10941006	佳胜达/JSD	1495337	3
10118639	Septwolves/七匹狼	1479884.2	49
10718135	小迷糊	1476103.9	17
10786321	汾酒	1462996	22
10913845	MLB	1450416.37	158
10638452	SEAMILD/西麦	1448631.3	17
10302959	VAQUA/活泉	1443340.17	7
10541261	Dior/迪奥	1421207.76	92
10406842	PLAYBOY/花花公子	1405181.12	51
10192593	COGI/高姿	1368316.15	51
10887266	蓝月亮	1358847.08	26
10485822	西凤	1355794.94	35
10566280	安记	1352687.09	20
10480916	欧佩	1342854.83	110
10334760	Mark Fairwhale/马克华菲	1328850	45
10324306	YSL/圣罗兰	1255952.41	127
10558168	剑南春	1252564	6
10337200	SUNSSHEN/圣蜜莱雅	1239564.75	28
10930072	金锣	1233374.92	131
10294724	花皙蔻	1232546	11
10767648	Fotile/方太	1207850	3
10552768	RIBeCS/伊贝诗	1203691.7	4
10705574	小牛凯西	1180065.7	8
10940873	梦诺	1161587.39	8
10280732	B.Duck	1146874.14	157
10926795	健美创研	1121094.46	31
10120573	BEDDYBEAR/杯具熊	1113060.62	44
10555233	青花郎	1104619	3
10840855	御泥坊	1103827.85	35
10702653	恒源祥	1084669.93	13
10695350	Pierre Cardin/皮尔卡丹	1084349.42	68
10697178	冰菊	1078674.47	9
10445081	芭诺斯	1077496.5	11
10767190	Paul Frank/大嘴猴	1071347.53	92
10651454	TCL	1067278.5	14
10921456	浏阳河	1058758.84	6
10008023	稻香私房	1016242.5	4
10140654	海底捞	1014341.68	57
10654372	可比克	997576.44	36
10670641	认养一头牛	975244.4	11
10936920	Armani/阿玛尼	965075.25	58
10766967	Gucci/古驰	964175.07	88
10869390	tonlion/唐狮	957538	72
10839802	Vatti/华帝	953906.92	12
10700449	立白	952910	22
10512642	JEEP/吉普	929677.77	31
11020696	MELLESH/益若翼	928736.33	19
10627664	梦希蓝	912869.15	85
10468200	LA MER/海蓝之谜	912192.25	35
10552075	浪莎	910189.75	45
10976874	不多言	904923.5	2
10189360	Sansui/山水	904058	4
10058603	lovo	898390.5	23
10215086	Sellion/雪尔妮兰	888051.43	10
10053592	MAC/魅可	884419.21	100
10943574	红小厨	882801	19
10794168	M＆G/晨光	881330.24	97
10937928	春禾秋牧	878862.4	1
10796250	周黑鸭	877736.5	27
10001507	One Leaf/一叶子	872705.86	52
10660652	JMSOLUTION	872289	5
10184414	Dr.Jart+/蒂佳婷	868518.7	32
10025964	cemoy	866597.3	20
11030826	比比赞	861518.8	12

#第三批
10766953	Bosideng/波司登	852063.21	29
10216170	超能	838531.23	19
10055645	Milkland/妙可蓝多	831211.04	19
10410312	innisfree/悦诗风吟	826010.4	63
10621122	韩熙贞	824451.4	30
10109025	Deold/递欧	809895.83	60
10552505	Yalget/雅丽洁	808707.5	4
10701009	老庙	803592.1	67
10941275	海天/HTDZ	802008.99	20
10685413	AUX/奥克斯	795404.41	20
10658374	GOLDENMONKEY/金丝猴	792102.19	29
10086562	VANESSA HOGAN	788376	36
10549506	CAFINE/刻凡（百货食品）	784883.27	64
10292037	金龙鱼	780484.5	14
10451336	Aekyung Age 20's/爱纪二十之	778807.31	41
10936913	今锦上	746149	4
10207137	舒莱	723706.2	1
10937545	Harbin Beer/哈尔滨啤酒	722402.3	7
10487571	古方	721940.61	23
10788335	八马	710831	8
10214126	高洁丝	706315.7	11
10901979	小寻	683279	5
10125692	奥利奥	667980.8	30
11027792	名仕罗纳德	661048.78	31
10178643	UNNY CLUB/悠宜	637998.12	61
10341267	形象美	625162.08	47
10740419	AIMDUO/爱慕哆	616742	36
10266385	SIMEITOL/姿美堂	614428.3	7
10756301	L'OREAL /欧莱雅	610991.33	100
10358212	SOFY/苏菲	597040.9	17
10862278	活力28	595708.3	20
10839022	Baleno/班尼路	591951.6	59
10232854	ADAOFU/阿道夫	591575.08	63
10652455	Konka/康佳	582292.26	13
10628073	Coati/小浣熊	579484.59	56
10336661	BLACKMORES/澳佳宝	578997.8	6
10007349	梵贞	576580.8	46
10662151	Haruhada/泉肌	576011.58	2
10365174	HANSKIN/韩斯清	571529.3	4
10585024	柴火大院	568836	4
10540651	Pioneer/先锋	561976	3
10841443	BABAKA/背背佳	561791.53	24
10078588	会说话的汤姆猫	559135.9	7
10496621	Little Dream Garden/半亩花田	556536.3	31
10191422	SUPOR/苏泊尔	556455.2	29
10149596	植益	551824.27	47
10253457	HYUNDAI/现代	532680	8
10868793	西域美农	529075.98	25
10828751	Adidas/阿迪达斯	516972.1	230
10929842	稻香社	514199	2
10075124	网易严选	511488	11
10697953	ANTA/安踏	508128	47
10552449	PECHOIN/百雀羚	506042.24	109
10081818	蒙牛	505698.88	23
10429338	vivo	504423.8	26
10119227	FRESTECH/新飞	503732.3	11
10820993	开小差	503025.29	44
10245146	Joyoung soymilk/九阳豆浆（饮料）	501876.4	11
10291494	扬子	501417.2	32
10858127	梦洁	493122	1
10007061	CHIOTURE 稚优泉	487834.4	26
10512992	SU:M37°/苏秘37°	479362.52	51
10909349	习酒	477080	9
10337768	俞兆林	476860.34	7
10085053	PRAMY/柏瑞美	459770.9	22
10894336	海福盛	459013.4	1
10335357	Galanz/格兰仕	457424	2
10721838	Deli/得力	448968.25	123
10009403	比芭美	448089.51	49
7830374550	blispring/冰泉	443646	3
10703846	清风	441051	3
10684708	Clinique/倩碧	433988.66	18
10195766	kafellon/凯芙兰	432699.3	27
10125914	Winona/薇诺娜	430813.1	27
10937509	Elizabeth Arden/伊丽莎白雅顿	427436.25	25
10875115	Colour Diary/色彩日记	424633.48	66
10653429	boylondon	424362	30
10207905	C＆U/人本	423999.97	23
10414044	HOTATA/好太太	422148.5	15
10205732	植护	405667.55	43
10925878	C＇CHOICE/采琪采	401367.03	20
10938555	斜月三星	398313.5	32
10225630	白象	394029.37	41
10555453	O’admire/澳赞	393765.2	14
10698680	Doppel Herz/双心	393705	8
10912065	Littleswan/小天鹅	393354	1
10923980	DDMOMMY/袋鼠妈妈	389334.62	2
10431904	ROYAL CANIN/皇家	389097.5	20
10937493	芝华士（Chivas Regal）	388050	3
10483008	洁柔	386626.2	12
10570204	HANKEY/韩纪	384618.12	34
10938754	IRONBULL/铁牛	381750.8	13
10700343	Deerma/德尔玛	374083.7	15
10480549	SK-II	368079.29	67
10108032	Avene/雅漾	356776.8	8
10707440	双汇	356389.82	16
10873234	pp/盼盼	355695.41	16
10767563	Ronshen/容声	354976	12
99714512	玛可安迪	354249.52	116
10118985	BIG WASP/大黄蜂	353669.65	65
10334775	Meters Bonwe/美特斯邦威	352837	5
10634174	wis	350950.13	8
10939633	多驰	348651	1
10844093	COACH/蔻驰	338057	37
10781375	吉香居	335797.4	13
10119922	敖东	334301.24	10
10286573	DARLIE/黑人	325548.11	17
10328646	卜珂零点	325448.07	10
11012160	CATFOUR	323930.6	5
10060188	小奥汀	323064.7	33
10515850	十月稻田	322801.5	12
10699712	全兴	317021.1	4
10089743	信良记	315297	3
10350815	睿嫣润膏	313603.12	13
10828392	Givenchy/纪梵希	309895.91	54
10053829	Fondberyl/菲伯丽尔	309831	2
10217780	DUOLUPLO/多伦保罗	297193.2	2
10828395	HR/赫莲娜	295207.63	15
10993535	Me Smooth	294079	3
10943629	虎邦	293647.5	7
10854173	盐津铺子	291416.2	19
10936682	Camel/骆驼（鞋服包）	288636.97	16
10412074	Budweiser/百威	283304	3
10724180	DELIS/煌上煌	281314.6	17
10880072	守护宝	279720	1
10049542	BONAS/宝娜斯	273982.6	12
10441795	棉森	273530.6	3
10264001	Difaso/蒂花之秀	264082.59	3
10485282	SNP	262663.6	15
10832037	A.H.C/爱和纯	253323.97	16
10119229	Chigo/志高	252838.96	12
10413716	St&Sat/星期六	250397	2
10713880	罗莱	246628.2	16
10214239	熊孩子	245836.08	11
10757482	Teclast/台电	242841.1	6
10868029	华味亨	241376.4	8
10578925	Amoi/夏新	240899.6	7
10089615	Delicious/臻味	240177.8	9
10408456	Josiny/卓诗尼	239967	6
10265132	grace/洁丽雅	233264.1	11
10418903	IKEA/宜家	231059.8	39
10147974	嘻螺会	230140.8	1
10631095	卡宾熊	224668.6	6
10283962	伊诗兰顿	222037.9	12
10700610	Lafite/拉菲	219371.4	9
10553371	SMART WIFE/巧媳妇	218285.7	9
10338075	金稻	218000	11
10486951	福事多	217787.35	19
10745027	MSY/慕思雨	216254.8	3
10626908	WETCODE/水密码	215211.36	17
10046091	Green Mountain/绿岭	207426.3	7
10702322	Mexican/稻草人	207423	4
10786017	德州扒鸡	207048.64	11
10051239	凯利来	205770.4	36
12653351	everwhite	201496.2	1
10867570	福临门	201392.32	12
10560695	白云山	200943.86	12
10408864	LANSUR/兰瑟	197940.54	17
10601409	3CE/三熹玉	193491.58	48
99714457	罗拉密码	191512.1	38
10789079	三元	190875.4	6
10373756	Shuang Qing Home Reside/双庆家居	186746.5	30
10776296	朴西	184527.07	4
10119409	FREEMORE/自由点	183608	6
10064097	来伊份	182329.8	7
11030570	NEI WAI/内外	180003.54	7
10324260	Kiehl＇s/科颜氏	179272.97	72
11030660	惠寻	177188.31	40
10077408	葆丽匙	174980.7	5
11031403	Abby's Choice/完子心选	174525.9	6
10291509	ChaCheer/洽洽	173304.22	27
10485815	水井坊	169214	2
10912857	大卫	165113.58	20
10255756	Cheerful Mario/幸福玛丽	164952.1	14
10362629	杏花村	162187	5
10767664	Airmate/艾美特	154748.7	4
11009416	HBN	154595	3
10341890	古越龙山	154373.7	2
10943443	酒鬼花生	153157.81	15
10703086	erke/鸿星尔克	151526.7	35
10714727	赖茅	149424	4
10335542	Subor/小霸王	149398.14	6
10266841	ANESSA/安热沙	147720.08	21
10282492	五谷磨房	146510.4	2
10275309	Kids/猫人儿童	144680.37	3
10572108	MALING/梅林	144667.8	2
10761606	MIORIO（化妆品）	141325.8	3
10359060	自然之名	140382	2
10412126	玉凤凰	135247	1
10943452	BURBERRY/巴宝莉	134922	2
10641447	小仙炖	134016	1
10646096	pinkypinky/缤肌	133637.79	23
10499366	HSTYLE/韩都衣舍	131216	1
10479858	ASD/爱仕达	130482	3
10426681	LIUM/溜溜梅	127678.4	11
10163455	JudydoLL/橘朵	127342.4	22
10943384	北京同仁堂	126573.55	4
10507781	正大	126075.1	16
10993820	suk garden/蔬果园	125673.8	6
10552712	URARA/悠莱	122606.78	2
10839215	MERCURY/水星家纺	120027	23
10053481	REDDRAGONFLY/红蜻蜓	119740.07	15
10822611	有道	114747	3
10341714	Bvlgari/宝格丽	114409.12	20
10984197	Bear Coming/小熊驾到	113049.8	14
10937420	RIO/锐澳	111393.2	2
10438044	ORION/好丽友	107500.17	29
10640707	豪士	103209.87	37
10059586	MACARONS/马卡龙	103158.04	8
10091134	Yuranm/瑜然美	103156.6	3
10943557	韩佳妮	102698.55	21
10064105	托嗳	101724	1
10225837	Engnice/英氏	101419	3
10846407	舍得	101114	5
10950094	Joocyee	100935.6	1
10756319	Shiseido/资生堂	98748.83	32
10266509	金九	98679.51	25
10915222	Tide/汰渍	98087.6	4
10846634	Seiko/精工	96050	4
10582018	康师傅	92292.95	12
10561609	honor/荣耀	91677	11
10828498	佳帮手	90405.7	4
10468298	Nestle/雀巢	90370.98	9
10456655	GererMns/极男	88795.9	3
10624922	Freeplus/芙丽芳丝	87579.3	8
12653454	PMPM	85388.3	11
10913471	LEE KUM KEE/李锦记	85232.7	1
10480175	KAO/花王	83195.51	13
10082444	THE PENINSULA/半岛	82368	1
10029279	Relea/物生物	81344.2	1
10046371	huamel/华美	80865.45	3
10304923	UKIWI/纽西小精灵	79822.5	11
10620759	Meizu/魅族	79436.82	6
10481432	张小泉	79264.83	14
10338034	BY－HEALTH/汤臣倍健	79220	2
10978689	海狸先生	77107.53	8
10468157	KERASTASE/卡诗	76867.31	25
10527572	阿芙	76747.2	18
10708250	Tom Ford/汤姆福特	76450	3
10937419	Camel/骆驼（百货食品）	75797.46	2
11027994	稻禾麦田	75543	2
10008513	SAMANLI/莎曼莉	74192.44	8
10939201	Green Apple/青苹果	74096.47	11
10411990	ta ta/大大	72498.76	7
10180252	Versace/范思哲	72428.73	28
10561878	Bioderma/贝德玛	72313	7
10036367	BURBERRY/博柏利	71158.87	38
10775621	润百颜	70219	3
10714603	知味观	70098.7	3
10043256	DERMAFIRM+/德妃	70028.2	9
10696502	FIRMUS/飞鹤	69709.4	4
10782174	透真	69254.3	5
10048541	OneSpring/一枝春	68026.2	14
10281406	papa recipe	66686.42	13
10781709	GOURMET/高老头	65987.5	8
10726126	Lay’s/乐事	65919.17	18
10477081	青源堂	64740.9	5
10988367	EZVALO/几光	64082	3
12658732	丝托	63900	2
10289963	Tango（印度尼西亚）	63839.2	2
10612371	Za/姬芮	62840.7	5
10550249	RESGREEN/绿之韵	62840.1	2
10938605	ADN/艾迪恩	62144	4
10939291	仙蒂奈儿	61223.7	4
11027109	wonderlab	60748	3
10218073	ZEBRA/斑马	60323.12	8
10536058	CPB	59889.33	4
10232268	Nars/娜斯	58573.1	13
10600172	莎布蕾	58566.4	5
10056522	绝世	57597.6	1
10552730	心相印	57568.18	20
10078215	La Chapelle/拉夏贝尔	57231.52	8
12653352	WSMM	56598.14	8
10571800	Kansoon/凯速	55763.5	1
10479859	双立人	55530.03	6
10491224	Dr．Plant/植物医生	55315	2
10873501	爱奇艺	54328	2
10934007	TST/庭秘密	54158	3
10396168	三生花	53249.42	27
10585809	GREEN MAGIC VINE/绿缘萝	52058.4	2
11028695	玛蔻霏（MACfee）	51923.19	13
10571894	东北大妈	51785.77	9
10692052	众乐康健	51162.9	1
10264985	Shinco/新科	50747.4	1
11028766	格蒙（GECOMO）	50387.07	8
7830374529	谷雨	50213	1
11031228	小石头	49502.54	21
10136500	红谷林	49031	15
10051096	Vinda/维达	48762.16	3
10489679	OnePlus/一加	48232	9
10570556	Banila CO/芭妮兰	48117.45	12
10719862	THE NORTH FACE/北面	48089.75	6
10918402	FUGUANG BESTJOY/富光拾喜	47069.08	3
10670580	eaoron	47016	2
10480503	LION	46895.2	3
10765173	Deluxe/德纳斯	46550	1
10240732	YAMADAI/山大	45216	3
10158207	桃李	45168.76	5
10723886	旺旺	44976.1	18
10003007	SAKURA/樱花	44461.09	17
10797314	DECOSTER/德诗	44125	14
10636979	PURE＆MILD/泊美	43818	1
10552584	Elixir/怡丽丝尔	43719	3
10756661	Nike/耐克	43303.95	33
10502270	云南白药	43020.08	8
10089422	PILOT FOOD/派力特	42723.12	11
10711757	URCCI/悠姿	42629.4	1
10698164	LUX/力士	42048.67	15
10921777	Olunpo/欧伦堡	41455.6	2
10353651	HRL/哈肉联	41317	2
10482134	SPACE7/七度空间	40918.4	6
10702750	FROGPRINCE/青蛙王子	40628.26	17
10119882	Warrior/回力	39892.18	10
10629970	Tata/他她	39875	4
10483021	Colourful Yunnan/七彩云南	39598	3
10091776	Hola/赫拉	39310.2	5
10272787	COOKER KING/炊大皇	38659.9	5
10048117	百事可乐	38625.3	6
10154796	NONG SHIM/农心	38194.4	3
10205107	FALADOO/法兰朵	37737	2
10222236	康夫	37117.16	3
10868459	Sevev Colours/七彩	37095.66	1
10785870	富安娜	36716.7	3
10493451	红花郎	36708	1
10134449	BASEUS/倍思	36521.1	13
10201699	UNICHARM/尤妮佳	35447.7	4
10435846	鲁花	35442	1
10342308	漫花	35181.8	4
10643489	Mr Muscle/威猛先生	34524.62	4
10480565	Bioluxe/贝美	33689	3
10900858	Maybelline/美宝莲	33585.49	17
10507738	大益	33495.56	6
10174182	Samyang/三养	33425.85	8
10835835	药都仁和	33283.3	2
10007576	Dutch Lady/子母	33282.79	5
217300701	Zippo/之宝	33233	1
10062130	Cosme Decorte/黛珂	32785.8	9
10137605	JmGo/坚果	32637	3
10505098	Coca－Cola/可口可乐	31841.54	3
10432632	FGN/富贵鸟	31346.38	9
10913589	满婷	31282.19	8
10942796	东方宝石/Tesori D Oriente	30692	7
10138784	Mistine	30574.84	8
10553155	卡芙兰	30333.64	3
10491410	OCAK/欧扎克	30314.47	4
10556775	Swarovski/施华洛世奇	30225	19
10944392	Fulfil/芙芙	29725.5	4
11019822	七年五季	29671.5	4
10036061	Shu-uemura/植村秀	29460.85	17
10150954	Alienware/外星人	28988.4	1
10612330	Guerlain/娇兰	28818.01	8
10417734	周大福	28677.4	3
12656373	DELLBOO/良布	28135.7	7
10265662	茶花	27937.5	3
10909960	Pedigree/宝路	27856	5
10943471	realme	27714	4
10504169	ATTAIN LUXURY/奢臻	27549.8	2
10006858	雅萌	27489	1
10036050	Nivea/妮维雅	27352.25	15
10120474	safeguard/舒肤佳	27327.44	14
10046651	Belle/百丽	27291.6	15
10567822	COSUAI/超帅	27176	1
10846288	brother/兄弟	26730	1
10713768	芬腾	26703	4
10770053	都市丽人	26576	2
10050719	金泰康	25788.6	4
10900898	Amovo/魔吻	25732.49	9
10265841	CCPT/西铂	25210.83	3
12656261	REFFEDDO/热风朵	24780.6	2
10506589	有零有食	24588.5	4
10559716	臻鲜	24588.4	2
10427302	Gukoo/果壳	24102	2
10409716	LEGO/乐高	24084.9	8
10473353	RedBull/红牛	23484.86	8
10482623	MCM	23201	10
10969667	ihoco	23192	1
10788060	Magic Fresh Face/魔力鲜颜	23074.9	4
10213721	Monarch/统一	23028.25	5
10560858	魔香	22766.2	3
10762749	Arla/爱氏晨曦	22439.04	4
10832647	QuadHA/夸迪	22407	2
89374688	齐汇	22010.58	4
10121904	Remy Martin/人头马	21978	1
10628348	wdd	21684	2
10940547	柏翠丝	21510	2
10290316	Comix/齐心	21506.8	4
10057916	Girdear/哥弟	20993.93	5
10808633	ROAMAN/罗曼	20836.87	7
10612321	Clarins/娇韵诗	20572	8
10209359	mecafour/蜜卡佛	20424.3	8
10941039	鲜品屋/SAMPURE	20407.7	2
11028544	薏仁（Naturie）	20069	8
11031032	Betty Valland/贝蒂薇兰	19788	1
10408393	BOE/京东方	19701	3
10474541	Fresh/馥蕾诗	19662.29	6
10913547	MUJI/无印良品	19587.5	7
10196389	乔丹	19539.4	5
10480807	Vitasoy/维他奶	19471.2	2
10433130	KDX/康得新	19456.39	2
10644262	皇家骆驼	19391.4	1
10408137	东阿阿胶	19207.93	4
10267800	BEST/倍思特	19191.9	1
10061389	Caran·Y/卡拉羊	19040	3
10231031	拉面说	18696.6	1
10841372	Duration Power/久量	18656.36	3
10022110	天猫精灵	18515.88	2
10492497	大宝	18481.28	13
10723741	青苹果	18370.24	1
10290533	NIANJEEP/吉普盾	17815.79	4
10540178	L'occitane/欧舒丹	17769	11
10768856	老管家	17705	11
10046866	Gap	17697.55	2
10421965	TIMAGE/彩棠	17135	1
10912149	Canbo/康宝	17117.1	1
10008627	Shell/壳牌	17112	3
10484837	ERAL/艾莱依	17050.8	2
10625308	三利	16773.9	2
10299062	MEIDU/美度	16726.04	3
10612684	Puma/彪马	16514.69	8
10702559	固本堂	16335	1
10551955	童泰	16166.36	3
10511406	ZA/早安	16026.4	1
10125240	DE RUCCI/慕思	15880.2	1
10769206	La Jourdin/娜娇婷	15701.64	2
5565036548	Rocking zoo/摇滚动物园	15392.2	7
10324281	Olay/玉兰油	15357.66	8
10480211	Michael Kors	15108	3
10917510	red earth/红地球	14904	2
10624267	Fila/斐乐	14526.08	5
10281852	NISSIN/日清	14449.86	3
10149781	山茶花	14314.7	3
10929800	斑布	14287.4	3
10288149	pure source food/天顺源	14116.6	5
10414179	Yadea/雅迪	13990	1
11030560	CORNINGWARE/康宁器皿	13731	2
11023331	仁和 人	13552	3
11031508	小黄鸭	13046.33	3
10943455	Hisense/海信（黑电）	13043	7
10229178	Dr.Yu/玉泽	12971.8	2
10846152	金运	12886.9	1
10859900	敷尔佳	12818	3
10649108	Motorola/摩托罗拉	12792	1
10263712	Donlim/东菱	12771	1
10124904	Green channel/绿色频道	12697.77	3
10507213	PEACEBIRD/太平鸟	12446	4
10994567	HUrma/惠妈	12427	2
10868037	喜之郎	12089.7	11
11028571	仁和匠心	12052.03	2
10859211	SHEDELLA/诗蒂娅	12042.8	2
10549939	摩飞电器	11912	9
10336575	Jimmi/九美子	11820.6	1
10212464	Little Freddie/小皮	11748.36	8
10067546	小吉星	11720.8	2
10839493	杞里香	11586.4	4
10335547	大众	11479.18	1
10828423	Sisley/希思黎	11406.19	4
10507599	MIGHTY/多力	11329.03	4
10366958	SASELOMO/三草两木	11252.92	6
11030761	忆香缘	11077.33	6
10840991	Gillette/吉列	11033	2
11027587	易爽达（YISHUANGDA）	10922.81	3
10335276	VENUS MARBLE	10800	1
11016710	KQTQK	10712.5	9
10193292	Dettol/滴露	10584.6	2
12661143	安耐晒（Anessa）	10499.3	2
10694003	RED DOUBLE HAPPINESS/红双喜	10400.97	2
10702415	UEK	9974	4
10067294	ORANOT/奥兰诺	9938.42	7
10518828	李子柒	9658.05	5
10411994	VidiVici	9651.8	3
10911427	Saint Angelo/报喜鸟	9369.4	4
12656627	AEKYUNG/露娜	9321	1
10036041	Mentholatum/曼秀雷敦	9130.52	3
10772835	毛戈平	9050	2
10697036	CLEAR/清扬	8931.59	15
10175782	其妙	8748.8	14
10775481	Filorga/菲洛嘉	8701	7
10961177	涵一	8417.5	1
10264046	Kappa/背靠背	8226.08	6
10917864	Dancing Wolves/与狼共舞	8127.9	1
10656705	watercome/水之蔻	8071.2	2
10539969	Jo Malone London/祖玛珑	7992	2
10416627	Lily	7785.9	1
10911407	Jeanswest/真维斯	7513.74	2
10180464	妈咪宝贝	7491	2
11028896	"dpc	"	7445.6	2
10528933	SENKA/珊珂	7270.8	2
10855917	ULTRADENT/希尔顿	7216.39	1
10047221	Dove/德芙	7178.33	6
10896110	Greenkosy/绿色溪谷	7176.41	1
10710208	LEXY/莱克	6976	7
10358449	Fresh Grauitational/鲜引力	6821.1	1
10767233	爱慕	6787.3	1
10841056	UNO/吾诺	6770	3
10478945	Samsonite/新秀丽	6552	1
10036066	沙宣	6472.21	5
10829264	Nikon/尼康	6370	1
10407178	SANTA BARBARA POLO＆RACQUET CLUB/圣大保罗	6342.71	2
10852446	origins/悦木之源	6318.96	6
10347308	WAHAHA/娃哈哈	6309.3	4
10142373	whisper/护舒宝	6188.2	2
10640222	今麦郎	6149.49	5
10266783	AQUAIR/水之密语	6000	3
10550842	Prada/普拉达	5999.85	2
11028899	瑷尔博士	5976.8	2
10937518	TSINGTAO/青岛啤酒	5865	6
10485536	Hotwind/热风	5813.4	3
10287301	南孚	5445.75	4
10768564	Furla	5213	6
10720832	aptamil/爱他美	5199.56	3
10936904	OMO/奥妙	5197.51	5
10639586	WADAKAN/和田宽	5096	1
10493461	Enchanteur/艾诗	4919.52	1
10768748	Asics/亚瑟士	4904	3
10710796	Oriental cherry/樱花草	4900	1
10197075	Pisen/品胜	4827.9	1
10622148	Columbia/哥伦比亚	4800	1
10561565	Hada Labo/肌研	4693.59	2
11028058	高地女王（HIGHLAND QUEEN）	4653	1
10407439	MADIADIA/美哒哒	4625.37	1
10719935	派克	4577	1
10035985	AUPRES/欧珀莱	4558.31	5
10252976	beiens/贝恩施	4500	2
10557098	妈妈壹选	4457.6	1
10489941	ROKBBK－K/布韩	4428.9	2
10245792	HIFIRST/惠发	4362.82	3
12661017	小野（vvild）	4318.56	1
10209132	芙清	4316.6	3
10696457	Lock＆Lock/乐扣乐扣	4297.92	2
10204276	现代（卫浴）	4291.4	1
10680261	贝亲	4260	3
10110586	ZLF/周六福	4257	1
10468129	Biotherm/碧欧泉	4228.9	3
10943453	杏花村（食品）	4083.8	2
10264287	CALTRATE/钙尔奇	4079.32	1
10900824	Chanel/香奈儿	3971	3
10408715	FOXER/金狐狸	3921.5	3
10943389	索爱	3910.2	1
10943571	Nursery/娜斯丽	3910	2
10613209	Fujifilm/富士	3890	2
10844073	霸王	3864.9	2
10252761	Aigo/爱国者	3827.7	2
10417429	Femfresh	3759.06	2
10943424	步步高	3740	1
10427877	Bozai Toys/波仔	3700	1
10081084	Joeone/九牧王	3605.9	2
10276611	春光	3597	2
10939960	优简/BEST JANE	3528	1
10156570	TREECHADA	3499.5	2
10895078	自嗨锅	3448.43	3
10939335	TriptychOfLune/三谷	3441	3
10765205	沃隆	3383.1	3
10940112	I Do	3293	1
10624892	PZH/片仔癀	3281.5	4
10946844	MedRepair	3237	4
10353586	EARTH’S BEST/爱思贝	3193.6	2
10844068	浪漫樱花	3175.8	1
10520351	福瑞达	3143.7	1
10502152	海飞丝	3113.36	6
10635758	MINISO/名创优品	2959.67	4
10646691	Eichitoo/H兔	2940	1
10201914	starbucks/星巴克	2875.5	4
10695555	ONLY	2814.24	1
10864849	YEARCON/意尔康	2810.6	1
10731143	HomeFacialPro	2801	2
10309232	润本	2786.4	3
12654609	HONLIFE/好麦多	2753.4	2
10870284	glico/格力高	2748.02	4
10773008	碧浪	2733.72	3
10324237	DHC	2713.2	2
10262822	Youngor/雅戈尔	2691	2
10221607	XIAO GUAN TEA/小罐茶	2680.34	5
10348532	Biore/碧柔	2601.76	1
10769373	天喜	2489.2	5
10769528	仙鹤	2339.82	1
10062903	足力健	2248.7	1
10736527	RED SEAL/红印	2225	1
11003106	透芯	2209.17	2
10064424	千禾	2109.4	1
10710749	好欢螺	2102.6	4
10439300	VANCAMEL/西域骆驼	1986	3
10943388	晨光（食品）	1966.88	1
10254704	新麦潮	1966.61	3
10561504	左颜右色	1887.3	3
10732177	MERBLISS/茉贝丽思	1876.2	1
10713968	螺霸王	1816.95	2
10785874	百丽丝	1729	2
10048318	舒语	1712.7	1
10698108	樱花梦	1704.3	1
10068427	SUREE/素丽	1691.5	1
10184441	JAYJUN	1675.8	1
10478537	egarden/悦家	1672	1
10262229	Angel Protects/珍护	1617	1
10408712	Daikin/大金	1584	1
12658746	利墨	1551	1
10430393	Colgate/高露洁	1504.1	2
10271130	Mystery of nature/自然之谜	1455.44	1
10299091	CHAMPION/冠军（家装）	1446.89	2
10035999	Dove/多芬	1360.03	5
10555389	ito	1335.1	2
10701986	名流	1258.98	2
10904616	食族人	1252.49	1
10884274	LEADERS	1241.6	1
10848863	小力士（韩国）	1236.7	1
10038935	老板仔	1223.2	1
10476499	Goldtex/金纺	1208.73	3
10338875	Suncha/双枪	1203	3
10937288	醉鹅娘	1199	1
10699330	Clio/珂莱欧	1188	1
10140686	Curel/珂润	1187.99	2
10087740	Bananain/蕉内	1174.1	2
10701670	THREEGUN/三枪	1169.61	3
10195935	AMIIR	1166.1	1
10563723	舒适达	1138.82	2
10807196	LONSDALE/龙狮戴尔	1116	1
10028958	美可卓	1106	1
12654151	NIKE 耐克	1099	2
10630376	ZOJIRUSHI/象印	1097	6
10396571	dr．bull/博士牛	1054.7	1
10509525	BULL/公牛	1044.7	6
11030760	田园主义	1035	9
10025705	万高	1032	1
10860246	Maryya/美丽雅	1024	1
10712616	Gialen/娇兰佳人	989.01	1
10785156	small tadpoles/小蝌蚪	935.3	1
10252243	Anna sui/安娜苏	912	1
10769202	BINGO/松果	875.68	2
10290323	伊可新	838.6	1
10430261	Schwarzkopf/施华蔻	831.28	4
10887857	UNICOM/联通	821.7	1
10733386	奢姿	819.59	1
10189826	TIMBERLAND/添柏岚	800	1
10207965	玛呖德	787.7	2
10425170	Tao Kae Noi/小老板	773.14	1
10547909	MAKE UP FOR EVER/玫珂菲	763	2
10769372	DASENG/大圣	756	2
10324498	金贝勒	725.9	2
10684872	BEINGMATE/贝因美	711	1
10768959	SKG	698	5
10684705	Herborist/佰草集	696.5	1
10552674	OMI/近江兄弟	683.7	1
10724217	COSE/蔻赛	682.08	1
11027113	碧芭宝贝	678.9	3
10317371	百菲酪	672	1
10767017	pandora/潘多拉	662	2
10468132	Bestcare/碧斯	617.58	1
10270582	COS	598.38	2
10409353	KingStone/金石	596	1
10003411	和风雨	554.63	1
10961087	真食惠	535.29	2
10124746	SENFURE/心福	529.45	2
10281693	Nescafe/雀巢咖啡	495	1
10624220	Angel/安琪	479.84	1
10868978	DHS/红双喜	471.04	1
10791639	morning fresh	440.3	1
10553312	东成	438	1
10417635	相宜本草	404.73	1
10685052	Converse/匡威	397.6	1
11027413	米兜熊（MIDOUXIONG）	396	1
10210223	云麦	396	2
10080803	金稻谷	396	1
10075717	迪赛吉普	387	1
10872556	HOKURIKU/北陆	376	1
10637705	U．Loveit/优乐美	373.27	1
10290049	LAXDN/莱克斯顿	368.3	3
10643089	COORIONARA/珂莉安	359.8	1
10634949	i nature/爱天然	358	1
10839704	XINGX/星星	339	2
10276761	Watsons/屈臣氏	322	1
10652726	RARONE/雷诺	319.2	1
10480488	Mamonde/梦妆	304.39	2
10639489	Arcturus/角星	300	1
10870807	LEISURE FARM/休闲农场	233	1
10892485	VIOLET/紫罗兰	219.88	2
10943415	HERO/英雄	217.8	1
10056774	Johnson’s baby/强生婴儿	216.93	2
10208295	MLILY/梦百合	207	1
10667680	NATURE/蕾奇尔	184.8	1
10779858	PERIOE/倍瑞傲	179.4	1
10634411	RYO/吕	177.76	2
12656209	向物（SOTHING）	177	1
10574580	Crest/佳洁士	159.84	4
10878098	LIVEN/利仁	159	2
10308224	舌里	149.4	1
10064028	农夫山泉	140.6	1
10412966	Xidodo/喜多多	139.72	1
10198167	Twin Lotus/双莲	139.3	1
10477265	The Face Shop/菲诗小铺	129.96	2
10045259	Lacoste/拉科斯特	119.6	1
10546341	Puwubeauty/朴物大美	118	1
10358131	REJOICE/飘柔	103.38	2
10462180	Casarte/卡萨帝	100	1
10282053	Samsung/三星	100	1
10953181	HEAVEN DOVE/天堂鸽	95.4	1
10324287	潘婷	93.53	2
10656525	小米妈妈	93.2	2
10135801	SingleLady/尚官	69.93	1
10591643	canmake/井田	66.64	1
10191413	Braun/博朗	58.8	1
10847799	CHERRY	58	1
10638840	DONGDA KINGO/东大金果	49.9	1
10293398	Asus/华硕	39.8	1
10621074	KitKat/雀巢奇巧	39.8	2
10270244	Tian Wang/天王	39.6	1
10130927	Kustie/蔻斯汀	26.9	1
10869470	北冰洋	23.97	2
10079255	TREASURE LOVE/珍爱	9.9	1
10943809	滋食	7.14	1
10051781	Letv/乐视	5.98	1
10873293	Mobil/美孚	0	1
10697472	BETIS/贝蒂斯	0	1
10808397	APM Monaco	0	2
10696777	Three Needle/三针	0	1
10756538	BIOSTIME/合生元	0	2
10468803	萤石	0	1
10334299	粮全其美	0	3
10479211	Kelon/科龙	0	1
10840679	EMPORIO ARMANI	0	4
10417842	HanJiaOurs/汉佳欧斯	0	1
10943581	VIDAA	0	1
10943422	USMILE	0	1
10263348	三彩	0	1
10937308	WECOOK/味库	0	1
10197261	dyson/戴森	0	2
10365674	Skyworth/创维	0	1
10787586	Swisse	0	3
10968180	Saint Laurent Paris	0	1
10061358	榴芒一刻	0	2
10592574	可复美	0	2
10634302	Nature Bridge/比瑞吉	0	7
10435745	DESSMANN/德施曼	0	2
10407445	Gree/格力	0	1
10866469	PILOT/百乐	0	1
10001451	Childlife/童年时光	0	1
10075234	Zippo/芝宝	0	1
10532633	threeleaves/三叶	0	1
10336296	Dickies	0	2
10051610	versace jeans	0	1
10414063	富光	0	1
10133465	乌江	0	3
10054035	Titoni/梅花	0	2
10164359	Hourleey/欧黎	0	1
10410197	ECOVACS/科沃斯	0	1
10930309	Panasonic/松下	0	1
10848188	BISSELL/必胜	0	1
10928520	breo/倍轻松	0	1
10295446	科大讯飞	0	2
10263846	Angel/安吉尔	0	1
10011268	Le Pur’/乐纯	0	1
10784928	纳份爱	0	1
10936756	TIGER/虎牌	0	2
10439127	DR．STORAGE/收纳博士	0	2
10702449	THERMOS/膳魔师	0	3
10209638	Canon/佳能	0	1
10551501	沁园	0	1
10936746	佳佰	0	1
10405148	DOOV/朵唯	0	1
12653458	溪木源	0	1
10943849	丝飘	0	1
10593278	FADING/法鼎	0	2
10488087	Bolon/暴龙	0	1
10117799	nubia/努比亚	0	1
10783015	The land/纽仕兰	0	1
10936748	京造	0	7
10429660	IPSA/茵芙莎	0	1
